 1.00000000e+00
 1.08163265e+00
 1.16326531e+00
 1.24489796e+00
 1.32653061e+00
 1.40816327e+00
 1.48979592e+00
 1.57142857e+00
 1.65306122e+00
 1.73469388e+00
 1.81632653e+00
 1.89795918e+00
 1.97959184e+00
 2.06122449e+00
 2.14285714e+00
 2.22448980e+00
 2.30612245e+00
 2.38775510e+00
 2.46938776e+00
 2.55102041e+00
 2.63265306e+00
 2.71428571e+00
 2.79591837e+00
 2.87755102e+00
 2.95918367e+00
 3.04081633e+00
 3.12244898e+00
 3.20408163e+00
 3.28571429e+00
 3.36734694e+00
 3.44897959e+00
 3.53061224e+00
 3.61224490e+00
 3.69387755e+00
 3.77551020e+00
 3.85714286e+00
 3.93877551e+00
 4.02040816e+00
 4.10204082e+00
 4.18367347e+00
 4.26530612e+00
 4.34693878e+00
 4.42857143e+00
 4.51020408e+00
 4.59183673e+00
 4.67346939e+00
 4.75510204e+00
 4.83673469e+00
 4.91836735e+00
 5.00000000e+00
 3.20298368e+01
 2.81042555e+01
 2.49257485e+01
 2.23104203e+01
 2.01285554e+01
 1.82863366e+01
 1.67144296e+01
 1.53606197e+01
 1.41849270e+01
 1.31562854e+01
 1.22502353e+01
 1.14472894e+01
 1.07317538e+01
 1.00908665e+01
 9.51415636e+00
 8.99296132e+00
 8.52006194e+00
 8.08939902e+00
 7.69585428e+00
 7.33507826e+00
 7.00335416e+00
 6.69748918e+00
 6.41472724e+00
 6.15267828e+00
 5.90926075e+00
 5.68265435e+00
 5.47126117e+00
 5.27367342e+00
 5.08864656e+00
 4.91507675e+00
 4.75198196e+00
 4.59848591e+00
 4.45380455e+00
 4.31723445e+00
 4.18814289e+00
 4.06595942e+00
 3.95016847e+00
 3.84030309e+00
 3.73593944e+00
 3.63669203e+00
 3.54220954e+00
 3.45217123e+00
 3.36628373e+00
 3.28427821e+00
 3.20590797e+00
 3.13094618e+00
 3.05918404e+00
 2.99042900e+00
 2.92450323e+00
 2.86124232e+00
