 1.00000000e+00
 1.23529412e+00
 1.47058824e+00
 1.70588235e+00
 1.94117647e+00
 2.17647059e+00
 2.41176471e+00
 2.64705882e+00
 2.88235294e+00
 3.11764706e+00
 3.35294118e+00
 3.58823529e+00
 3.82352941e+00
 4.05882353e+00
 4.29411765e+00
 4.52941176e+00
 4.76470588e+00
 5.00000000e+00
 3.99619388e+00
 2.79396073e+00
 2.18435664e+00
 1.80562888e+00
 1.54376130e+00
 1.35032143e+00
 1.20084979e+00
 1.08150916e+00
 9.83817501e-01
 9.02255354e-01
 8.33061096e-01
 7.73574820e-01
 7.21858148e-01
 6.76462622e-01
 6.36282642e-01
 6.00458782e-01
 5.68312317e-01
 5.39299740e-01
