 1.00000000e+00
 1.08163265e+00
 1.16326531e+00
 1.24489796e+00
 1.32653061e+00
 1.40816327e+00
 1.48979592e+00
 1.57142857e+00
 1.65306122e+00
 1.73469388e+00
 1.81632653e+00
 1.89795918e+00
 1.97959184e+00
 2.06122449e+00
 2.14285714e+00
 2.22448980e+00
 2.30612245e+00
 2.38775510e+00
 2.46938776e+00
 2.55102041e+00
 2.63265306e+00
 2.71428571e+00
 2.79591837e+00
 2.87755102e+00
 2.95918367e+00
 3.04081633e+00
 3.12244898e+00
 3.20408163e+00
 3.28571429e+00
 3.36734694e+00
 3.44897959e+00
 3.53061224e+00
 3.61224490e+00
 3.69387755e+00
 3.77551020e+00
 3.85714286e+00
 3.93877551e+00
 4.02040816e+00
 4.10204082e+00
 4.18367347e+00
 4.26530612e+00
 4.34693878e+00
 4.42857143e+00
 4.51020408e+00
 4.59183673e+00
 4.67346939e+00
 4.75510204e+00
 4.83673469e+00
 4.91836735e+00
 5.00000000e+00
 2.05977743e+01
 1.92299096e+01
 1.80294354e+01
 1.69680540e+01
 1.60233222e+01
 1.51772733e+01
 1.44153867e+01
 1.37258176e+01
 1.30988189e+01
 1.25263030e+01
 1.20015070e+01
 1.15187351e+01
 1.10731575e+01
 1.06606534e+01
 1.02776860e+01
 9.92120344e+00
 9.58855852e+00
 9.27744435e+00
 8.98584142e+00
 8.71197445e+00
 8.45427659e+00
 8.21135985e+00
 7.98199033e+00
 7.76506747e+00
 7.55960656e+00
 7.36472389e+00
 7.17962420e+00
 7.00358984e+00
 6.83597161e+00
 6.67618075e+00
 6.52368210e+00
 6.37798814e+00
 6.23865382e+00
 6.10527201e+00
 5.97746959e+00
 5.85490395e+00
 5.73725995e+00
 5.62424720e+00
 5.51559771e+00
 5.41106375e+00
 5.31041600e+00
 5.21344182e+00
 5.11994384e+00
 5.02973852e+00
 4.94265506e+00
 4.85853423e+00
 4.77722744e+00
 4.69859591e+00
 4.62250977e+00
 4.54884748e+00
