 1.00000000e+00
 1.23529412e+00
 1.47058824e+00
 1.70588235e+00
 1.94117647e+00
 2.17647059e+00
 2.41176471e+00
 2.64705882e+00
 2.88235294e+00
 3.11764706e+00
 3.35294118e+00
 3.58823529e+00
 3.82352941e+00
 4.05882353e+00
 4.29411765e+00
 4.52941176e+00
 4.76470588e+00
 5.00000000e+00
 1.53136625e+00
 9.98125697e-01
 7.70094080e-01
 6.34722993e-01
 5.43126363e-01
 4.76442145e-01
 4.25507428e-01
 3.85239466e-01
 3.52561021e-01
 3.25488374e-01
 3.02680355e-01
 2.83195456e-01
 2.66352205e-01
 2.51644624e-01
 2.38688853e-01
 2.27188227e-01
 2.16909749e-01
 2.07667815e-01
